GPA: 0.39273
Grit:0.22033
Material_hardship:0.0288
Eviction:0.05341
Layoff:0.17435
Job_training:0.20224
Number_of_ids: 4242
