GPA: 1.70245
Grit:0.91509
Material_hardship:0.12705
Eviction:0.05341
Layoff:0.17435
Job_training:0.20224
Number_of_ids: 4242
