GPA: 2.83103
Grit:0.92572
Material_hardship:0.11599
Eviction:0.05341
Layoff:0.17435
Job_training:0.20224
Number_of_ids: 4242
