GPA: 2.40337
Grit:0.75968
Material_hardship:0.09216
Eviction:0.05341
Layoff:0.17435
Job_training:0.20224
Number_of_ids: 4242
