GPA: 2395.18442
Grit:1901.34235
Material_hardship:276.75774
Eviction:0.05341
Layoff:0.17435
Job_training:0.20224
Number_of_ids: 4242
