GPA: 0.45772
Grit:0.25843
Material_hardship:0.03175
Eviction:0.05341
Layoff:0.17435
Job_training:0.20224
Number_of_ids: 4242
